0 25.2225 0
5 150 50
3 150 110
5 150 170
4 150 230
5 150 290
2 150 350
2 150 410
5 150 470
4 210 50
3 210 110
2 210 170
1 210 230
2 210 290
2 210 350
3 210 410
3 210 470
4 270 50
2 270 110
4 270 170
5 270 230
1 270 290
5 270 350
5 270 410
4 270 470
5 330 50
4 330 110
5 330 170
5 330 230
4 330 290
1 330 350
4 330 410
4 330 470
3 390 50
5 390 110
4 390 170
3 390 230
4 390 290
3 390 350
1 390 410
3 390 470
2 450 50
1 450 110
5 450 170
4 450 230
3 450 290
2 450 350
3 450 410
5 450 470
3 510 50
1 510 110
1 510 170
4 510 230
4 510 290
5 510 350
5 510 410
1 510 470
5 570 50
4 570 110
4 570 170
1 570 230
3 570 290
5 570 350
2 570 410
1 570 470
